20
0.0
0.0
0.0
0.0
0.0
0.0
0.0
0.0
0.0
0.0
0.0
0.0
0.0
0.0
0.0
0.0
0.0
0.0
0.0
0.0
0.0
0.0
0.0
0.0
0.0
0.0
0.0
0.0
0.0
0.0
0.0
0.0
0.0
0.0
0.0
0.0
0.0
0.0
0.0
0.0
0.0
0.0
0.0
0.0
0.0
0.0
0.0
0.0
0.0
0.0
0.0
0.0
0.0
0.0
0.0
0.0
0.0
0.0
0.0
0.0
0.0
0.0
0.0
0.0
0.0
0.0
0.0
0.0
0.0
0.0
0.0
0.0
0.0
0.0
0.0
0.0
0.0
0.0
0.0
0.0
0.0
0.0
0.0
0.0
0.0
0.0
0.0
0.0
0.0
0.0
0.0
0.0
0.0
0.0
0.0
0.0
0.0
0.0
0.0
0.0
0.0
0.0
0.0
0.0
0.0
0.00086125
0.0
-0.00015269
0.0
6.479e-05
0.000160615
-3.75e-06
0.00017404
0.000180505
8.334e-05
9.13e-06
2.335e-06
-9.6e-07
-9.1545e-05
-0.00027089
0.0
0.0
0.0
0.0
0.0
0.0
0.0
0.0
0.0
0.0
0.0
0.0
0.0
0.0
0.0
0.0
0.0
0.0
0.0
0.0
0.0
0.0
0.0
0.0
0.0
-0.00015269
0.0
0.0009287
0.0
-0.000265395
-2.0105e-05
0.000153585
-0.000191135
-0.000226725
-9.85e-06
-1.2435e-05
-5.037e-05
-0.000117385
5.7525e-05
0.00047772
0.0
0.0
0.0
0.0
0.0
0.0
0.0
0.0
0.0
0.0
0.0
0.0
0.0
0.0
0.0
0.0
0.0
0.0
0.0
0.0
0.0
0.0
0.0
0.0
0.0
6.479e-05
0.0
-0.000265395
0.0
0.000496245
4.033e-05
-5.6815e-05
1.705e-05
1.872e-05
-5.833e-05
1.2645e-05
3.997e-05
2.308e-05
-5.3535e-05
-0.000169625
0.0
0.0
0.0
0.0
0.0
0.000160615
0.0
-2.0105e-05
0.0
4.033e-05
0.000168345
4.7085e-05
7.248e-05
7.791e-05
4.717e-05
2.303e-05
-1.555e-06
-1.364e-05
-8.5175e-05
-9.671e-05
0.0
0.0
0.0
0.0
0.0
-3.75e-06
0.0
0.000153585
0.0
-5.6815e-05
4.7085e-05
6.3285e-05
1.08e-06
-9.79e-06
1.9005e-05
4.99e-06
-1.578e-05
-2.8485e-05
-1.5595e-05
5.0575e-05
0.0
0.0
0.0
0.0
0.0
0.00017404
0.0
-0.000191135
0.0
1.705e-05
7.248e-05
1.08e-06
0.0001405
0.000125435
5.1215e-05
6.115e-06
-2.59e-06
9.99e-06
-4.446e-05
-0.000194165
0.0
0.0
0.0
0.0
0.0
0.000180505
0.0
-0.000226725
0.0
1.872e-05
7.791e-05
-9.79e-06
0.000125435
0.000144945
6.0305e-05
1.5195e-05
6.85e-06
1.3695e-05
-5.8375e-05
-0.000217655
0.0
0.0
0.0
0.0
0.0
8.334e-05
0.0
-9.85e-06
0.0
-5.833e-05
4.717e-05
1.9005e-05
5.1215e-05
6.0305e-05
5.107e-05
1.1065e-05
-1.69e-06
-2.88e-06
-3.7865e-05
-7.062e-05
0.0
0.0
0.0
0.0
0.0
9.13e-06
0.0
-1.2435e-05
0.0
1.2645e-05
2.303e-05
4.99e-06
6.115e-06
1.5195e-05
1.1065e-05
1.8355e-05
5.13e-06
6.75e-07
-2.2875e-05
-3.863e-05
0.0
0.0
0.0
0.0
0.0
2.335e-06
0.0
-5.037e-05
0.0
3.997e-05
-1.555e-06
-1.578e-05
-2.59e-06
6.85e-06
-1.69e-06
5.13e-06
3.0555e-05
1.4395e-05
-2.1795e-05
-4.462e-05
0.0
0.0
0.0
0.0
0.0
-9.6e-07
0.0
-0.000117385
0.0
2.308e-05
-1.364e-05
-2.8485e-05
9.99e-06
1.3695e-05
-2.88e-06
6.75e-07
1.4395e-05
4.7635e-05
-2.082e-05
-6.422e-05
0.0
0.0
0.0
0.0
0.0
-9.1545e-05
0.0
5.7525e-05
0.0
-5.3535e-05
-8.5175e-05
-1.5595e-05
-4.446e-05
-5.8375e-05
-3.7865e-05
-2.2875e-05
-2.1795e-05
-2.082e-05
9.664e-05
9.8725e-05
0.0
0.0
0.0
0.0
0.0
-0.00027089
0.0
0.00047772
0.0
-0.000169625
-9.671e-05
5.0575e-05
-0.000194165
-0.000217655
-7.062e-05
-3.863e-05
-4.462e-05
-6.422e-05
9.8725e-05
0.00046185
